[
    {
        "fov": 0.5307859253,
        "imagePath": "874263602.Sun.Sep.14_19_00_02.GMT.1997.argus02a.c0.timex.jpg",
        "valid": 1,
        "seq": 1098994618,
        "whenValid": 874263602,
        "tilt": 1.4099234045,
        "m": [
            [
                -2.17660360410392
            ],
            [
                -0.0819238758562197
            ],
            [
                0.0669776799116499
            ],
            [
                116.012182360798
            ],
            [
                -0.000392999786480206
            ],
            [
                -0.00170698411052592
            ],
            [
                0.000284247851584634
            ],
            [
                -0.0433486102071891
            ],
            [
                -0.0780309309480911
            ],
            [
                2.13031037970816
            ],
            [
                -46.2996735218038
            ]
        ],
        "cameraID": "DUXX06C",
        "whenDone": 1098994433,
        "version": 1.0,
        "user": "paden",
        "azimuth": 0.2262872868,
        "R": [
            [
                0.9748632984470511,
                0.024397402441001633,
                0.22146402889649452
            ],
            [
                -0.22249709941311943,
                0.15874181448775,
                0.9619231139160163
            ],
            [
                0.011687176463286526,
                0.9870186437384395,
                -0.16017992014933516
            ]
        ],
        "timestamp": 1302111885,
        "roll": 0.0118403322
    },
    {
        "fov": 0.6940857615,
        "imagePath": "1003766406.Mon.Oct.22_16_00_06.GMT.2001.argus04.c1.timex.jpg",
        "valid": 1,
        "seq": 1051725012,
        "whenValid": 1003766406,
        "tilt": 1.3598874556,
        "m": [
            [
                6.1639512606599
            ],
            [
                -3.05230103657352
            ],
            [
                -0.354690416506618
            ],
            [
                -682.18612242311
            ],
            [
                0.00512053397437167
            ],
            [
                0.00493565232095034
            ],
            [
                -0.00152262794696182
            ],
            [
                0.354916890499632
            ],
            [
                0.150575044771339
            ],
            [
                -6.65638158457987
            ],
            [
                295.116357200212
            ]
        ],
        "cameraID": "SCXX03C",
        "whenDone": 1051660650,
        "version": 1.0,
        "user": "paden",
        "azimuth": 0.8037809818,
        "R": [
            [
                0.6970600620603189,
                0.13582172985442026,
                0.704031055834767
            ],
            [
                -0.7167064840520371,
                0.16068117599993798,
                0.6786113581403157
            ],
            [
                0.020954369430533172,
                0.9776164981109051,
                -0.2093487449762693
            ]
        ],
        "timestamp": 1302111885,
        "roll": 0.0214308788
    },
    {
        "fov": 0.6845277006,
        "imagePath": "1003770003.Mon.Oct.22_17_00_03.GMT.2001.argus04.c0.timex.jpg",
        "valid": 1,
        "seq": 1023702028,
        "whenValid": 1003770003,
        "tilt": 1.3809214283,
        "m": [
            [
                4.78381788983751
            ],
            [
                0.65381315356704
            ],
            [
                -0.176444958682224
            ],
            [
                82.6680345999299
            ],
            [
                0.00101000772433859
            ],
            [
                0.00483967382993108
            ],
            [
                -0.000950176871419091
            ],
            [
                0.196480906154254
            ],
            [
                0.299679755204623
            ],
            [
                -4.66659977181975
            ],
            [
                246.662492037218
            ]
        ],
        "cameraID": "SCXX02C",
        "whenDone": 1023702010,
        "version": 1.0,
        "user": "paden",
        "azimuth": 0.2057404126,
        "R": [
            [
                0.9796164058847101,
                0.010155706792067076,
                0.20062043500370494
            ],
            [
                -0.1988487577308941,
                0.1906017782325741,
                0.9613168747522647
            ],
            [
                0.02847575934724843,
                0.9816149060370541,
                -0.18873607862691016
            ]
        ],
        "timestamp": 1302111885,
        "roll": 0.0290009193
    },
    {
        "fov": 0.5100201029,
        "imagePath": "1088559900.Wed.Jun.30_01_45_00.GMT.2004.tsue01.c1.snap.jpg",
        "valid": 1,
        "seq": 1127941031,
        "whenValid": 1088559900,
        "tilt": 1.1726270924,
        "m": [
            [
                -35.5482954091335
            ],
            [
                45.5859678455058
            ],
            [
                3.94737766883985
            ],
            [
                2134.8085328491
            ],
            [
                -0.0240892062104869
            ],
            [
                -0.0105901811906074
            ],
            [
                0.0110687605060039
            ],
            [
                9.88920620680908
            ],
            [
                6.38565051107817
            ],
            [
                55.9044236420492
            ],
            [
                -1247.57500221274
            ]
        ],
        "cameraID": "TSXX01C",
        "whenDone": 1127940752,
        "version": 1.0,
        "user": "paden",
        "azimuth": 1.1566049439,
        "R": [
            [
                0.4140383701638901,
                0.34135690250116296,
                0.8438291848157663
            ],
            [
                -0.909742470094916,
                0.18641893217361458,
                0.3709671411767489
            ],
            [
                0.03067354132848016,
                0.9212618774496537,
                -0.3877314625102138
            ]
        ],
        "timestamp": 1302111885,
        "roll": 0.0332828292
    },
    {
        "fov": 0.2983853962,
        "imagePath": "653735941.Wed.Sep.19_09_19_01.GMT.1990.ducktape.c2.timex.jpg",
        "valid": 1,
        "seq": 1030024353,
        "whenValid": 653735941,
        "tilt": 1.2938996696,
        "m": [
            [
                -4.04139065431406
            ],
            [
                0.88463753611942
            ],
            [
                -0.67544279883407
            ],
            [
                -353.849158689452
            ],
            [
                -0.000758557408719798
            ],
            [
                -0.00169913575744487
            ],
            [
                0.000528826162855637
            ],
            [
                -0.531211237922651
            ],
            [
                0.952967306666144
            ],
            [
                3.99824679798498
            ],
            [
                -712.224122119888
            ]
        ],
        "cameraID": "DUXX82C",
        "whenDone": 1030024347,
        "version": 1.0,
        "user": "dclark",
        "azimuth": 0.4198873276,
        "R": [
            [
                0.9159950519857587,
                -0.08478101929812672,
                0.39212911585902127
            ],
            [
                -0.3454326842383219,
                0.3304142790454692,
                0.87835224418383
            ],
            [
                0.204032657673998,
                0.9400205226321569,
                -0.2733717096424787
            ]
        ],
        "timestamp": 1302111885,
        "roll": 0.2137360109
    },
    {
        "fov": 0.6702296747,
        "imagePath": "978343220.Mon.Jan.01_10_00_20.GMT.2001.tinmuth.c2.timex.jpg",
        "valid": 1,
        "seq": 1123882478,
        "whenValid": 919356276,
        "tilt": 1.3064514147,
        "m": [
            [
                2.3641166464064
            ],
            [
                4.148282060293
            ],
            [
                -0.346582544211385
            ],
            [
                -693.942686796902
            ],
            [
                -0.00312884396653941
            ],
            [
                0.00353160419775702
            ],
            [
                -0.00127713354647882
            ],
            [
                0.0771056750283092
            ],
            [
                0.0135044574092694
            ],
            [
                -4.64154303461261
            ],
            [
                205.272890830395
            ]
        ],
        "cameraID": "TIXX02C",
        "whenDone": 1123882397,
        "version": 1.0,
        "user": "rappja",
        "azimuth": -0.7250020724,
        "R": [
            [
                0.7458443473146081,
                -0.18435338986873717,
                -0.6401015835183909
            ],
            [
                0.6659661616013289,
                0.1857008877381643,
                0.7224986172272237
            ],
            [
                0.014327636959343991,
                0.9651575042122208,
                -0.2612770768398907
            ]
        ],
        "timestamp": 1302111885,
        "roll": 0.0148427657
    },
    {
        "fov": 0.68093489,
        "imagePath": "1003190406.Tue.Oct.16_00_00_06.GMT.2001.blacky.c1.snap.jpg",
        "valid": 1,
        "seq": 1063043220,
        "whenValid": 1003190406,
        "tilt": 1.3529709,
        "m": [
            [
                1.5001956
            ],
            [
                1.2318979
            ],
            [
                0.062122821
            ],
            [
                619.57949
            ],
            [
                -0.00066635092
            ],
            [
                0.001849573
            ],
            [
                0.00043513757
            ],
            [
                0.047873879
            ],
            [
                0.1013766
            ],
            [
                1.8785475
            ],
            [
                -83.390853
            ]
        ],
        "cameraID": "BLXX01C",
        "whenDone": 1003502807,
        "version": 1.0,
        "user": "kmcgown",
        "azimuth": 2.795796,
        "R": [
            [
                -0.9367108621413938,
                0.11425098061759058,
                0.33093726622162944
            ],
            [
                -0.34749950476161506,
                -0.1883239080620001,
                -0.9185740034655279
            ],
            [
                0.0426245813675508,
                0.9754387828460453,
                -0.21610720946573433
            ]
        ],
        "timestamp": 1302111885,
        "roll": 0.043670899
    },
    {
        "fov": 0.6700490812,
        "imagePath": "1003190409.Tue.Oct.16_00_00_09.GMT.2001.blacky.c2.snap.jpg",
        "valid": 1,
        "seq": 1060200052,
        "whenValid": 1003190409,
        "tilt": 1.3330493002,
        "m": [
            [
                0.99413922920457
            ],
            [
                2.69824281289951
            ],
            [
                0.271338378288783
            ],
            [
                1418.54104351798
            ],
            [
                -0.00223616929279638
            ],
            [
                0.00179177000693458
            ],
            [
                0.000694385814387399
            ],
            [
                -0.0691636551394266
            ],
            [
                -0.00704060003543449
            ],
            [
                2.80001252821336
            ],
            [
                -206.047063260742
            ]
        ],
        "cameraID": "BLXX02C",
        "whenDone": 1060200000,
        "version": 1.0,
        "user": "kmcgown",
        "azimuth": 2.2463090027,
        "R": [
            [
                -0.6285025534071615,
                0.17251451621759978,
                0.7584347579422275
            ],
            [
                -0.7776110775445237,
                -0.1612778366142517,
                -0.6077091997798546
            ],
            [
                -0.01748005837296977,
                0.9717140531613372,
                -0.23551273096808034
            ]
        ],
        "timestamp": 1302111885,
        "roll": -0.0179857858
    },
    {
        "fov": 0.2635282285,
        "imagePath": "1050696619.Fri.Apr.18_20_10_19.GMT.2003.blacky.c3.timex.jpg",
        "valid": 1,
        "seq": 1063213085,
        "whenValid": 1050696619,
        "tilt": 1.4689537583,
        "m": [
            [
                4.22993493345909
            ],
            [
                2.18391959430432
            ],
            [
                -0.0663526376676117
            ],
            [
                1059.11338274921
            ],
            [
                -0.000649186541841981
            ],
            [
                0.001819590797744
            ],
            [
                0.000197435790985437
            ],
            [
                0.126550128646561
            ],
            [
                0.0314906895194728
            ],
            [
                4.71026454634752
            ],
            [
                -331.026880912604
            ]
        ],
        "cameraID": "BLXX03C",
        "whenDone": 1063213058,
        "version": 1.0,
        "user": "paden",
        "azimuth": 2.7988939348,
        "R": [
            [
                -0.9405449736726079,
                0.06021692337115982,
                0.33428890893792007
            ],
            [
                -0.3385514601551579,
                -0.08641807168190281,
                -0.9369710911834963
            ],
            [
                0.027532913503726348,
                0.9944374485237837,
                -0.10166661028825057
            ]
        ],
        "timestamp": 1302111885,
        "roll": 0.0276797381
    },
    {
        "fov": 0.6902923139,
        "imagePath": "1065198610.Fri.Oct.03_16_30_10.GMT.2003.blacky3.c1.snap.jpg",
        "valid": 1,
        "seq": 1065303877,
        "whenValid": 1064707450,
        "tilt": 1.3624534564,
        "m": [
            [
                2.32963032186726
            ],
            [
                1.97333547842079
            ],
            [
                0.147445669307199
            ],
            [
                987.078538483918
            ],
            [
                -0.000696359839080735
            ],
            [
                0.00184941126928514
            ],
            [
                0.000417782777682124
            ],
            [
                0.0057560962195103
            ],
            [
                0.177482728395885
            ],
            [
                2.97380822147669
            ],
            [
                -121.452369055468
            ]
        ],
        "cameraID": "BLXX07C",
        "whenDone": 1065303680,
        "version": 1.0,
        "user": "stanley",
        "azimuth": 2.7814807971,
        "R": [
            [
                -0.9338751495021149,
                0.09496645822942014,
                0.344758722810261
            ],
            [
                -0.35685200459438515,
                -0.18519591473526964,
                -0.9156195279603508
            ],
            [
                0.023105236622278497,
                0.9781021648972701,
                -0.2068388335489784
            ]
        ],
        "timestamp": 1302111885,
        "roll": 0.0236181617
    },
    {
        "fov": 0.684254457,
        "imagePath": "1064885406.Tue.Sep.30_01_30_06.GMT.2003.blacky.c1.snap.jpg",
        "valid": 1,
        "seq": 1065115753,
        "whenValid": 1064885406,
        "tilt": 1.3653623313,
        "m": [
            [
                1.4865156475475
            ],
            [
                1.22014835250748
            ],
            [
                0.0828363785549241
            ],
            [
                612.09352969803
            ],
            [
                -0.000666994250184138
            ],
            [
                0.0018460398623083
            ],
            [
                0.000409003871890476
            ],
            [
                0.0114306945248083
            ],
            [
                0.114405832844068
            ],
            [
                1.86118864095325
            ],
            [
                -73.8242114556272
            ]
        ],
        "cameraID": "BLXX04C",
        "whenDone": 1065115725,
        "version": 1.0,
        "user": "stanley",
        "azimuth": 2.7948771773,
        "R": [
            [
                -0.9382275116628676,
                0.09519941261196072,
                0.33266530957892354
            ],
            [
                -0.34496654084458084,
                -0.1824197742524299,
                -0.920717715512967
            ],
            [
                0.026967055023258885,
                0.9786010922740841,
                -0.2039918629341432
            ]
        ],
        "timestamp": 1302111885,
        "roll": 0.0275497489
    },
    {
        "fov": 0.5026897312,
        "imagePath": "1041523209.Thu.Jan.02_16_00_09.GMT.2003.louie.c2.timex.jpg",
        "valid": 1,
        "seq": 1091482783,
        "whenValid": 1041523209,
        "tilt": 1.4421622905,
        "m": [
            [
                23.2536085572623
            ],
            [
                -81.96537476691
            ],
            [
                -1.02933648409099
            ],
            [
                -1490.01998628124
            ],
            [
                0.0652293932140283
            ],
            [
                0.00160152268729396
            ],
            [
                -0.00843985304039297
            ],
            [
                5.18401805717729
            ],
            [
                -1.56531817531608
            ],
            [
                -83.3234030171241
            ],
            [
                941.888116059991
            ]
        ],
        "cameraID": "LUXX03C",
        "whenDone": 1091482751,
        "version": 1.0,
        "user": "nplant",
        "azimuth": 1.5462491356,
        "R": [
            [
                0.027186057710863132,
                0.12770712831546788,
                0.9914392606930383
            ],
            [
                -0.9994208510900577,
                0.023778782614911703,
                0.024341978222362837
            ],
            [
                0.020466574519612934,
                0.991526832150683,
                -0.12827961822777553
            ]
        ],
        "timestamp": 1302111885,
        "roll": 0.0206392647
    },
    {
        "fov": 0.68454965,
        "imagePath": "1065198610.Fri.Oct.03_16_30_10.GMT.2003.blacky3.c2.snap.jpg",
        "valid": 1,
        "seq": 1065306760,
        "whenValid": 1064707467,
        "tilt": 1.3443789508,
        "m": [
            [
                1.35548248827098
            ],
            [
                4.57733031422934
            ],
            [
                0.397342195349136
            ],
            [
                2416.95699004476
            ],
            [
                -0.00248973199746921
            ],
            [
                0.00177907746742723
            ],
            [
                0.000704935096323964
            ],
            [
                -0.153616664934992
            ],
            [
                0.0638399881393113
            ],
            [
                4.66782342905065
            ],
            [
                -302.211595128735
            ]
        ],
        "cameraID": "BLXX08C",
        "whenDone": 1065306732,
        "version": 1.0,
        "user": "stanley",
        "azimuth": 2.1912312826,
        "R": [
            [
                -0.5828817536356108,
                0.17782806878908958,
                0.792859406975422
            ],
            [
                -0.8125169146338767,
                -0.13724820024613066,
                -0.566550258108708
            ],
            [
                -0.00806998838415935,
                0.9744434870632268,
                -0.22448778543060788
            ]
        ],
        "timestamp": 1302111885,
        "roll": -0.0082814444
    },
    {
        "fov": 0.2459181388,
        "imagePath": "1065198608.Fri.Oct.03_16_30_08.GMT.2003.blacky.c3.snap.jpg",
        "valid": 1,
        "seq": 1066329404,
        "whenValid": 1064707000,
        "tilt": 1.4762962552,
        "m": [
            [
                4.53941687170373
            ],
            [
                2.3318202824975
            ],
            [
                -0.0103068817323799
            ],
            [
                1125.66647058212
            ],
            [
                -0.000664877854939836
            ],
            [
                0.00181677109376448
            ],
            [
                0.000183367049347013
            ],
            [
                0.0686017482031375
            ],
            [
                0.0139756936509947
            ],
            [
                5.05294451096209
            ],
            [
                -363.732295090326
            ]
        ],
        "cameraID": "BLXX06C",
        "whenDone": 1066329233,
        "version": 1.0,
        "user": "stanley",
        "azimuth": 2.7907649464,
        "R": [
            [
                -0.9385535525025261,
                0.04534552935618235,
                0.3421418010888115
            ],
            [
                -0.3448617743619251,
                -0.08387539090865419,
                -0.9348985374808677
            ],
            [
                0.013696191763875556,
                0.9954439721889566,
                -0.09435948581800904
            ]
        ],
        "timestamp": 1302111885,
        "roll": 0.0137579863
    },
    {
        "fov": 0.6818934858,
        "imagePath": "1064970009.Wed.Oct.01_01_00_09.GMT.2003.blacky.c2.snap.jpg",
        "valid": 1,
        "seq": 1066331240,
        "whenValid": 1064707000,
        "tilt": 1.3475985407,
        "m": [
            [
                0.924596300780882
            ],
            [
                2.69128989847023
            ],
            [
                0.179118129433393
            ],
            [
                1423.77984807435
            ],
            [
                -0.00226895799751012
            ],
            [
                0.00178453844917135
            ],
            [
                0.000655212187926145
            ],
            [
                -0.0599885381176192
            ],
            [
                0.0885551026750513
            ],
            [
                2.76055724565878
            ],
            [
                -151.346738329738
            ]
        ],
        "cameraID": "BLXX05C",
        "whenDone": 1066331205,
        "version": 1.0,
        "user": "stanley",
        "azimuth": 2.2372511405,
        "R": [
            [
                -0.6160387380203587,
                0.18150246911799484,
                0.76652014126333
            ],
            [
                -0.7876262813959946,
                -0.12725443036860742,
                -0.6028690992295749
            ],
            [
                0.011879146122579723,
                0.9751221275592268,
                -0.2213497735073739
            ]
        ],
        "timestamp": 1302111885,
        "roll": 0.0121813959
    },
    {
        "fov": 0.2470918575,
        "imagePath": "1065198610.Fri.Oct.03_16_30_10.GMT.2003.blacky3.c3.snap.jpg",
        "valid": 0,
        "seq": 1085769986,
        "whenValid": 1065034800,
        "tilt": 1.4610909738,
        "m": [
            [
                7.23211719506376
            ],
            [
                3.71213282010571
            ],
            [
                0.106972891741254
            ],
            [
                1768.01502108214
            ],
            [
                -0.000669439222085334
            ],
            [
                0.00182615840473547
            ],
            [
                0.000214236456728399
            ],
            [
                0.0495265638595151
            ],
            [
                -0.127163831280225
            ],
            [
                8.10167513039593
            ],
            [
                -664.800482114618
            ]
        ],
        "cameraID": "BLXX09C",
        "whenDone": 1124719984,
        "version": 1.1,
        "user": "paden",
        "azimuth": 2.7902213253,
        "R": [
            [
                -0.9388887870682967,
                0.038001320231281166,
                0.34211656665251133
            ],
            [
                -0.34422047030185676,
                -0.1026794641861296,
                -0.9332573039947868
            ],
            [
                0.00033666391420984613,
                0.9939883436414779,
                -0.109485429908641
            ]
        ],
        "timestamp": 1302111885,
        "roll": 0.0003387
    },
    {
        "fov": 0.2387422238,
        "imagePath": "1068765960.Thu.Nov.13_23_26_00.GMT.2003.blacky3.c3.snap.jpg",
        "valid": 1,
        "seq": 1068843696,
        "whenValid": 1068765960,
        "tilt": 1.463034236,
        "m": [
            [
                7.49083754127619
            ],
            [
                3.83556339499322
            ],
            [
                -0.0303633224028961
            ],
            [
                1835.28413768964
            ],
            [
                -0.000672361833260787
            ],
            [
                0.00182625931267137
            ],
            [
                0.00021053050472249
            ],
            [
                0.182669124128227
            ],
            [
                -0.0939517707208493
            ],
            [
                8.38710201254192
            ],
            [
                -672.366074345325
            ]
        ],
        "cameraID": "BLXX12C",
        "whenDone": 1068843663,
        "version": 1.0,
        "user": "stanley",
        "azimuth": 2.7888290939,
        "R": [
            [
                -0.9376737846010241,
                0.052759999780089585,
                0.3434883638424987
            ],
            [
                -0.3471231841654847,
                -0.09517078193427884,
                -0.9329780368694822
            ],
            [
                0.016533864847845622,
                0.9940618213618422,
                -0.10755336639998901
            ]
        ],
        "timestamp": 1302111885,
        "roll": 0.0166309234
    },
    {
        "fov": 0.6771115697,
        "imagePath": "1068765960.Thu.Nov.13_23_26_00.GMT.2003.blacky3.c2.snap.jpg",
        "valid": 1,
        "seq": 1068844685,
        "whenValid": 1068765960,
        "tilt": 1.3320808065,
        "m": [
            [
                1.40994637804134
            ],
            [
                4.61315324468886
            ],
            [
                0.399746994655721
            ],
            [
                2432.91500626927
            ],
            [
                -0.0024735012137774
            ],
            [
                0.00178583566307622
            ],
            [
                0.000742431234419982
            ],
            [
                -0.0863846033075608
            ],
            [
                0.0374602794956464
            ],
            [
                4.72116491593039
            ],
            [
                -322.894667017315
            ]
        ],
        "cameraID": "BLXX11C",
        "whenDone": 1068844666,
        "version": 1.0,
        "user": "stanley",
        "azimuth": 2.1961263159,
        "R": [
            [
                -0.5862074623106479,
                0.1891192880063979,
                0.7877783355965453
            ],
            [
                -0.8101495785328835,
                -0.14199732492254244,
                -0.5687656987880274
            ],
            [
                -0.004297852289389187,
                0.9716329834967495,
                -0.23645480296856666
            ]
        ],
        "timestamp": 1302111885,
        "roll": -0.0044231622
    },
    {
        "fov": 0.13188969,
        "imagePath": "1091138852.Thu.Jul.29_22_07_32.GMT.2004.nrthhead.c4.snap.jpg",
        "valid": 1,
        "seq": 1133301479,
        "whenValid": 1091138852,
        "tilt": 1.5238491,
        "m": [
            [
                -41.453187
            ],
            [
                8.3470263
            ],
            [
                0.20786145
            ],
            [
                14331.48
            ],
            [
                -0.0022590884
            ],
            [
                -0.0083411882
            ],
            [
                0.00040600185
            ],
            [
                0.046107769
            ],
            [
                -0.12305932
            ],
            [
                41.97074
            ],
            [
                -2702.7007
            ]
        ],
        "cameraID": "NHXX14C",
        "whenDone": 1093521584,
        "version": 1.0,
        "user": "michael",
        "azimuth": 0.26449024,
        "R": [
            [
                0.9652018330279502,
                0.014033759674930963,
                0.26112923066725197
            ],
            [
                -0.26149968136203144,
                0.04481979291004877,
                0.9641623840469282
            ],
            [
                -0.0018270651440564917,
                0.9988965110324926,
                -0.04692996995601809
            ]
        ],
        "timestamp": 1302111885,
        "roll": -0.0018290814
    },
    {
        "fov": 0.7527351764,
        "imagePath": "1088624701.Wed.Jun.30_19_45_01.GMT.2004.tsue01.c2.timex.jpg",
        "valid": 1,
        "seq": 1120239583,
        "whenValid": 1088559900,
        "tilt": 0.7837917586,
        "m": [
            [
                -156.742357354996
            ],
            [
                59.8075188788634
            ],
            [
                41.4704479324582
            ],
            [
                8074.17359227822
            ],
            [
                -0.0534872036897834
            ],
            [
                -0.0693501943897692
            ],
            [
                0.0878622548617063
            ],
            [
                45.0018813132266
            ],
            [
                66.5009975032045
            ],
            [
                147.147176184709
            ],
            [
                -3906.86717745569
            ]
        ],
        "cameraID": "TSXX02C",
        "whenDone": 1120239519,
        "version": 1.0,
        "user": "rappja",
        "azimuth": 0.6569708081,
        "R": [
            [
                0.8048656479614196,
                0.40779942625477184,
                0.43115068906117116
            ],
            [
                -0.5930539283214735,
                0.5794690304370294,
                0.5590193922099996
            ],
            [
                0.021870684354004837,
                0.7056311151803382,
                -0.7082417683639111
            ]
        ],
        "timestamp": 1302111885,
        "roll": 0.0309845822
    },
    {
        "fov": 0.499726824,
        "imagePath": "875117412.Wed.Sep.24_16_10_12.GMT.1997.argus02a.c2.timex.jpg",
        "valid": 1,
        "seq": 1096403777,
        "whenValid": 875117412,
        "tilt": 1.4009582646,
        "m": [
            [
                -2.05020908751548
            ],
            [
                -1.1367936989125
            ],
            [
                -0.145529287976223
            ],
            [
                736.360410877501
            ],
            [
                0.000462329587130152
            ],
            [
                -0.00171603970169612
            ],
            [
                -0.000304777181671206
            ],
            [
                0.0576608248613684
            ],
            [
                -0.0304990676643404
            ],
            [
                -2.30118045032752
            ],
            [
                116.942810709986
            ]
        ],
        "cameraID": "DUXX08C",
        "whenDone": 1096403744,
        "version": 1.0,
        "user": "paden",
        "azimuth": 2.8784246109,
        "R": [
            [
                -0.9662838413094954,
                0.023572224920399728,
                0.25639790996899303
            ],
            [
                -0.25663679822102,
                -0.1686598423129954,
                -0.9516782078989826
            ],
            [
                -0.020810858296314214,
                0.9853924131041693,
                -0.16902278063537188
            ]
        ],
        "timestamp": 1302111885,
        "roll": -0.0211161936
    },
    {
        "fov": 0.1291272395,
        "imagePath": "1086049251.Tue.Jun.01_00_20_51.GMT.2004.nrthhead.c6.timex.jpg",
        "valid": 1,
        "seq": 1091493131,
        "whenValid": 1086049251,
        "tilt": 1.5237640137,
        "m": [
            [
                -0.0394022667500337
            ],
            [
                -0.000193394448148635
            ],
            [
                0.000249933320938588
            ],
            [
                8865.73694451522
            ],
            [
                -4.72985813759699e-07
            ],
            [
                -7.87001848126992e-06
            ],
            [
                -3.7108669639145e-07
            ],
            [
                -0.000370137370130627
            ],
            [
                -3.34691350893328e-05
            ],
            [
                -0.0391099830283324
            ],
            [
                89.3841929986248
            ]
        ],
        "cameraID": "NHXX06C",
        "whenDone": 1091493102,
        "version": 1.0,
        "user": "paden",
        "azimuth": 3.201620162,
        "R": [
            [
                -0.9981812605279152,
                0.006568928789747162,
                -0.0599251224901311
            ],
            [
                0.059547370219724616,
                -0.04749251294138945,
                -0.9970950666382955
            ],
            [
                0.009395841144732063,
                0.9988499939375618,
                -0.047014973998884484
            ]
        ],
        "timestamp": 1302111885,
        "roll": 0.00940638
    },
    {
        "fov": 0.6928440464,
        "imagePath": "1008237617.Thu.Dec.13_10_00_17.GMT.2001.tinmuth.c1.timex.jpg",
        "valid": 1,
        "seq": 1124487387,
        "whenValid": 1008172816,
        "tilt": 1.3408628143,
        "m": [
            [
                -0.236348776503323
            ],
            [
                3.25703655234266
            ],
            [
                -0.381354446113485
            ],
            [
                89.3205167731629
            ],
            [
                -0.00326356110156175
            ],
            [
                0.000858569078545167
            ],
            [
                -0.000789906426294788
            ],
            [
                -0.139615098377547
            ],
            [
                -0.097191493386536
            ],
            [
                -3.17843342495064
            ],
            [
                196.240516728865
            ]
        ],
        "cameraID": "TIXX06C",
        "whenDone": 1124487383,
        "version": 1.0,
        "user": "rappja",
        "azimuth": -1.3135476576,
        "R": [
            [
                0.26348571514601216,
                -0.20949248588002808,
                -0.9416412141966819
            ],
            [
                0.963789700777027,
                0.09870150290233026,
                0.24772449616650816
            ],
            [
                -0.04104498252068829,
                0.9728159701015542,
                -0.22791313635955412
            ]
        ],
        "timestamp": 1302111885,
        "roll": -0.0421672358
    },
    {
        "fov": 0.6828093903,
        "imagePath": "945801306.Tue.Dec.21_18_35_06.GMT.1999.camilla.c0.snap.jpg",
        "valid": 1,
        "seq": 1123178926,
        "whenValid": 889000000,
        "tilt": 1.2745401341,
        "m": [
            [
                -14.5884675598254
            ],
            [
                13.6203302126786
            ],
            [
                -2.80561978921115
            ],
            [
                111.068330062198
            ],
            [
                -0.0175472646756747
            ],
            [
                -0.00967486295774141
            ],
            [
                -0.0061163129478419
            ],
            [
                1.02637646473966
            ],
            [
                -0.425262249901267
            ],
            [
                -19.4947916651147
            ],
            [
                66.7275916833571
            ]
        ],
        "cameraID": "CAXX01C",
        "whenDone": 1123178175,
        "version": 1.0,
        "user": "boehmn",
        "azimuth": 4.2085022107,
        "R": [
            [
                -0.4705608684594005,
                -0.2775988074693932,
                -0.8375627565539822
            ],
            [
                0.8812698751573569,
                -0.10052523016925119,
                -0.4617987497163192
            ],
            [
                -0.04399859332832543,
                0.9554232466247561,
                -0.2919427060129075
            ]
        ],
        "timestamp": 1302111885,
        "roll": -0.0460195769
    },
    {
        "fov": 0.6854085296,
        "imagePath": "875365815.Sat.Sep.27_13_10_15.GMT.1997.argus02a.c3.timex.jpg",
        "valid": 1,
        "seq": 1096483382,
        "whenValid": 875365815,
        "tilt": 1.330178347,
        "m": [
            [
                -2.0846233112052
            ],
            [
                1.0353301778073
            ],
            [
                0.186182443964483
            ],
            [
                -543.644911345939
            ],
            [
                -0.00168826156824251
            ],
            [
                -0.00165746931955075
            ],
            [
                0.000580522502412512
            ],
            [
                -0.0342116856416045
            ],
            [
                -0.0324406454366233
            ],
            [
                2.26130335430719
            ],
            [
                -79.1136617149371
            ]
        ],
        "cameraID": "DUXX09C",
        "whenDone": 1096483356,
        "version": 1.0,
        "user": "paden",
        "azimuth": 0.7946013825,
        "R": [
            [
                0.7006329483328031,
                0.16978673980163758,
                0.6930266478989205
            ],
            [
                -0.7135217861699888,
                0.16721497988467826,
                0.6803865160061267
            ],
            [
                0.0003638286302890589,
                0.9711908223874943,
                -0.23830286221325622
